"","Retail","Grocery and Pharmacy","Parks","Transit Stations","Workplaces","Residential"
"Retail",1,0.87,0.41,0.93,0.81,-0.96
"Grocery and Pharmacy",0.87,1,0.38,0.82,0.8,-0.88
"Parks",0.41,0.38,1,0.36,0.15,-0.36
"Transit Stations",0.93,0.82,0.36,1,0.86,-0.96
"Workplaces",0.81,0.8,0.15,0.86,1,-0.91
"Residential",-0.96,-0.88,-0.36,-0.96,-0.91,1
