"","Retail","Grocery and Pharmacy","Parks","Transit Stations","Workplaces","Residential"
"Retail",1,0.97,0.88,0.99,0.96,-0.99
"Grocery and Pharmacy",0.97,1,0.93,0.98,0.91,-0.97
"Parks",0.88,0.93,1,0.91,0.74,-0.85
"Transit Stations",0.99,0.98,0.91,1,0.94,-0.99
"Workplaces",0.96,0.91,0.74,0.94,1,-0.98
"Residential",-0.99,-0.97,-0.85,-0.99,-0.98,1
