"","Retail","Grocery and Pharmacy","Parks","Transit Stations","Workplaces","Residential"
"Retail",1,0.98,-0.17,0.97,0.95,-0.98
"Grocery and Pharmacy",0.98,1,-0.12,0.93,0.92,-0.95
"Parks",-0.17,-0.12,1,-0.03,-0.07,0.08
"Transit Stations",0.97,0.93,-0.03,1,0.97,-0.98
"Workplaces",0.95,0.92,-0.07,0.97,1,-0.99
"Residential",-0.98,-0.95,0.08,-0.98,-0.99,1
