"","Retail","Grocery and Pharmacy","Parks","Transit Stations","Workplaces","Residential"
"Retail",1,0.98,-0.3,0.97,0.95,-0.97
"Grocery and Pharmacy",0.98,1,-0.31,0.96,0.9,-0.92
"Parks",-0.3,-0.31,1,-0.09,-0.14,0.11
"Transit Stations",0.97,0.96,-0.09,1,0.97,-0.98
"Workplaces",0.95,0.9,-0.14,0.97,1,-0.99
"Residential",-0.97,-0.92,0.11,-0.98,-0.99,1
