"","Retail","Grocery and Pharmacy","Parks","Transit Stations","Workplaces","Residential"
"Retail",1,0.97,0.83,0.99,0.97,-0.99
"Grocery and Pharmacy",0.97,1,0.91,0.98,0.93,-0.98
"Parks",0.83,0.91,1,0.85,0.73,-0.84
"Transit Stations",0.99,0.98,0.85,1,0.98,-1
"Workplaces",0.97,0.93,0.73,0.98,1,-0.98
"Residential",-0.99,-0.98,-0.84,-1,-0.98,1
