"","Retail","Grocery and Pharmacy","Parks","Transit Stations","Workplaces","Residential"
"Retail",1,0.97,0.85,0.94,0.97,-0.99
"Grocery and Pharmacy",0.97,1,0.92,0.98,0.94,-0.97
"Parks",0.85,0.92,1,0.94,0.75,-0.85
"Transit Stations",0.94,0.98,0.94,1,0.9,-0.94
"Workplaces",0.97,0.94,0.75,0.9,1,-0.98
"Residential",-0.99,-0.97,-0.85,-0.94,-0.98,1
