"","Retail","Grocery and Pharmacy","Parks","Transit Stations","Workplaces","Residential"
"Retail",1,0.86,0.43,0.85,0.82,-0.96
"Grocery and Pharmacy",0.86,1,0.41,0.72,0.81,-0.87
"Parks",0.43,0.41,1,0.48,0.22,-0.42
"Transit Stations",0.85,0.72,0.48,1,0.82,-0.88
"Workplaces",0.82,0.81,0.22,0.82,1,-0.93
"Residential",-0.96,-0.87,-0.42,-0.88,-0.93,1
