"","Retail","Grocery and Pharmacy","Parks","Transit Stations","Workplaces","Residential"
"Retail",1,0.85,0.48,0.95,0.8,-0.95
"Grocery and Pharmacy",0.85,1,0.45,0.84,0.81,-0.87
"Parks",0.48,0.45,1,0.55,0.22,-0.43
"Transit Stations",0.95,0.84,0.55,1,0.84,-0.95
"Workplaces",0.8,0.81,0.22,0.84,1,-0.92
"Residential",-0.95,-0.87,-0.43,-0.95,-0.92,1
