"","Retail","Grocery and Pharmacy","Parks","Transit Stations","Workplaces","Residential"
"Retail",1,0.98,0.9,0.99,0.96,-0.99
"Grocery and Pharmacy",0.98,1,0.94,0.98,0.92,-0.98
"Parks",0.9,0.94,1,0.93,0.77,-0.88
"Transit Stations",0.99,0.98,0.93,1,0.95,-0.99
"Workplaces",0.96,0.92,0.77,0.95,1,-0.98
"Residential",-0.99,-0.98,-0.88,-0.99,-0.98,1
