"","Retail","Grocery and Pharmacy","Parks","Transit Stations","Workplaces","Residential"
"Retail",1,0.96,-0.04,0.97,0.95,-0.96
"Grocery and Pharmacy",0.96,1,-0.1,0.94,0.86,-0.88
"Parks",-0.04,-0.1,1,0.16,0.13,-0.19
"Transit Stations",0.97,0.94,0.16,1,0.95,-0.97
"Workplaces",0.95,0.86,0.13,0.95,1,-0.99
"Residential",-0.96,-0.88,-0.19,-0.97,-0.99,1
