"","Retail","Grocery and Pharmacy","Parks","Transit Stations","Workplaces","Residential"
"Retail",1,0.98,0.9,0.98,0.96,-0.99
"Grocery and Pharmacy",0.98,1,0.95,0.99,0.92,-0.98
"Parks",0.9,0.95,1,0.95,0.78,-0.9
"Transit Stations",0.98,0.99,0.95,1,0.92,-0.98
"Workplaces",0.96,0.92,0.78,0.92,1,-0.97
"Residential",-0.99,-0.98,-0.9,-0.98,-0.97,1
