"","Retail","Grocery and Pharmacy","Parks","Transit Stations","Workplaces","Residential"
"Retail",1,0.87,0.38,0.95,0.82,-0.96
"Grocery and Pharmacy",0.87,1,0.32,0.85,0.82,-0.87
"Parks",0.38,0.32,1,0.42,0.15,-0.34
"Transit Stations",0.95,0.85,0.42,1,0.87,-0.97
"Workplaces",0.82,0.82,0.15,0.87,1,-0.92
"Residential",-0.96,-0.87,-0.34,-0.97,-0.92,1
